--------------------
Cycle 1:	256	add x1, x0, x0
Registers
x00:	0	0	0	0	0	0	0	0
x08:	0	0	0	0	0	0	0	0
x16:	0	0	0	0	0	0	0	0
x24:	0	0	0	0	0	0	0	0
Data
312:	-1	-2	-4	1	2	3	-4	10
344:	7	9	1	0	-1
--------------------
Cycle 2:	260	addi x2, x0, #3
Registers
x00:	0	0	3	0	0	0	0	0
x08:	0	0	0	0	0	0	0	0
x16:	0	0	0	0	0	0	0	0
x24:	0	0	0	0	0	0	0	0
Data
312:	-1	-2	-4	1	2	3	-4	10
344:	7	9	1	0	-1
--------------------
Cycle 3:	264	beq x1, x2, #22
Registers
x00:	0	0	3	0	0	0	0	0
x08:	0	0	0	0	0	0	0	0
x16:	0	0	0	0	0	0	0	0
x24:	0	0	0	0	0	0	0	0
Data
312:	-1	-2	-4	1	2	3	-4	10
344:	7	9	1	0	-1
--------------------
Cycle 4:	268	sll x6, x1, #2
Registers
x00:	0	0	3	0	0	0	0	0
x08:	0	0	0	0	0	0	0	0
x16:	0	0	0	0	0	0	0	0
x24:	0	0	0	0	0	0	0	0
Data
312:	-1	-2	-4	1	2	3	-4	10
344:	7	9	1	0	-1
--------------------
Cycle 5:	272	lw x3, 312(x6)
Registers
x00:	0	0	3	-1	0	0	0	0
x08:	0	0	0	0	0	0	0	0
x16:	0	0	0	0	0	0	0	0
x24:	0	0	0	0	0	0	0	0
Data
312:	-1	-2	-4	1	2	3	-4	10
344:	7	9	1	0	-1
--------------------
Cycle 6:	276	lw x4, 324(x6)
Registers
x00:	0	0	3	-1	1	0	0	0
x08:	0	0	0	0	0	0	0	0
x16:	0	0	0	0	0	0	0	0
x24:	0	0	0	0	0	0	0	0
Data
312:	-1	-2	-4	1	2	3	-4	10
344:	7	9	1	0	-1
--------------------
Cycle 7:	280	add x5, x3, x4
Registers
x00:	0	0	3	-1	1	0	0	0
x08:	0	0	0	0	0	0	0	0
x16:	0	0	0	0	0	0	0	0
x24:	0	0	0	0	0	0	0	0
Data
312:	-1	-2	-4	1	2	3	-4	10
344:	7	9	1	0	-1
--------------------
Cycle 8:	284	blt x5, x0, #6
Registers
x00:	0	0	3	-1	1	0	0	0
x08:	0	0	0	0	0	0	0	0
x16:	0	0	0	0	0	0	0	0
x24:	0	0	0	0	0	0	0	0
Data
312:	-1	-2	-4	1	2	3	-4	10
344:	7	9	1	0	-1
--------------------
Cycle 9:	288	sub x5, x3, x4
Registers
x00:	0	0	3	-1	1	-2	0	0
x08:	0	0	0	0	0	0	0	0
x16:	0	0	0	0	0	0	0	0
x24:	0	0	0	0	0	0	0	0
Data
312:	-1	-2	-4	1	2	3	-4	10
344:	7	9	1	0	-1
--------------------
Cycle 10:	292	jal x7, #4
Registers
x00:	0	0	3	-1	1	-2	0	296
x08:	0	0	0	0	0	0	0	0
x16:	0	0	0	0	0	0	0	0
x24:	0	0	0	0	0	0	0	0
Data
312:	-1	-2	-4	1	2	3	-4	10
344:	7	9	1	0	-1
--------------------
Cycle 11:	300	addi x1, x1, #1
Registers
x00:	0	1	3	-1	1	-2	0	296
x08:	0	0	0	0	0	0	0	0
x16:	0	0	0	0	0	0	0	0
x24:	0	0	0	0	0	0	0	0
Data
312:	-1	-2	-4	1	2	3	-4	10
344:	7	9	1	0	-1
--------------------
Cycle 12:	304	jal x8, #-20
Registers
x00:	0	1	3	-1	1	-2	0	296
x08:	308	0	0	0	0	0	0	0
x16:	0	0	0	0	0	0	0	0
x24:	0	0	0	0	0	0	0	0
Data
312:	-1	-2	-4	1	2	3	-4	10
344:	7	9	1	0	-1
--------------------
Cycle 13:	264	beq x1, x2, #22
Registers
x00:	0	1	3	-1	1	-2	0	296
x08:	308	0	0	0	0	0	0	0
x16:	0	0	0	0	0	0	0	0
x24:	0	0	0	0	0	0	0	0
Data
312:	-1	-2	-4	1	2	3	-4	10
344:	7	9	1	0	-1
--------------------
Cycle 14:	268	sll x6, x1, #2
Registers
x00:	0	1	3	-1	1	-2	4	296
x08:	308	0	0	0	0	0	0	0
x16:	0	0	0	0	0	0	0	0
x24:	0	0	0	0	0	0	0	0
Data
312:	-1	-2	-4	1	2	3	-4	10
344:	7	9	1	0	-1
--------------------
Cycle 15:	272	lw x3, 312(x6)
Registers
x00:	0	1	3	-2	1	-2	4	296
x08:	308	0	0	0	0	0	0	0
x16:	0	0	0	0	0	0	0	0
x24:	0	0	0	0	0	0	0	0
Data
312:	-1	-2	-4	1	2	3	-4	10
344:	7	9	1	0	-1
--------------------
Cycle 16:	276	lw x4, 324(x6)
Registers
x00:	0	1	3	-2	2	-2	4	296
x08:	308	0	0	0	0	0	0	0
x16:	0	0	0	0	0	0	0	0
x24:	0	0	0	0	0	0	0	0
Data
312:	-1	-2	-4	1	2	3	-4	10
344:	7	9	1	0	-1
--------------------
Cycle 17:	280	add x5, x3, x4
Registers
x00:	0	1	3	-2	2	0	4	296
x08:	308	0	0	0	0	0	0	0
x16:	0	0	0	0	0	0	0	0
x24:	0	0	0	0	0	0	0	0
Data
312:	-1	-2	-4	1	2	3	-4	10
344:	7	9	1	0	-1
--------------------
Cycle 18:	284	blt x5, x0, #6
Registers
x00:	0	1	3	-2	2	0	4	296
x08:	308	0	0	0	0	0	0	0
x16:	0	0	0	0	0	0	0	0
x24:	0	0	0	0	0	0	0	0
Data
312:	-1	-2	-4	1	2	3	-4	10
344:	7	9	1	0	-1
--------------------
Cycle 19:	288	sub x5, x3, x4
Registers
x00:	0	1	3	-2	2	-4	4	296
x08:	308	0	0	0	0	0	0	0
x16:	0	0	0	0	0	0	0	0
x24:	0	0	0	0	0	0	0	0
Data
312:	-1	-2	-4	1	2	3	-4	10
344:	7	9	1	0	-1
--------------------
Cycle 20:	292	jal x7, #4
Registers
x00:	0	1	3	-2	2	-4	4	296
x08:	308	0	0	0	0	0	0	0
x16:	0	0	0	0	0	0	0	0
x24:	0	0	0	0	0	0	0	0
Data
312:	-1	-2	-4	1	2	3	-4	10
344:	7	9	1	0	-1
--------------------
Cycle 21:	300	addi x1, x1, #1
Registers
x00:	0	2	3	-2	2	-4	4	296
x08:	308	0	0	0	0	0	0	0
x16:	0	0	0	0	0	0	0	0
x24:	0	0	0	0	0	0	0	0
Data
312:	-1	-2	-4	1	2	3	-4	10
344:	7	9	1	0	-1
--------------------
Cycle 22:	304	jal x8, #-20
Registers
x00:	0	2	3	-2	2	-4	4	296
x08:	308	0	0	0	0	0	0	0
x16:	0	0	0	0	0	0	0	0
x24:	0	0	0	0	0	0	0	0
Data
312:	-1	-2	-4	1	2	3	-4	10
344:	7	9	1	0	-1
--------------------
Cycle 23:	264	beq x1, x2, #22
Registers
x00:	0	2	3	-2	2	-4	4	296
x08:	308	0	0	0	0	0	0	0
x16:	0	0	0	0	0	0	0	0
x24:	0	0	0	0	0	0	0	0
Data
312:	-1	-2	-4	1	2	3	-4	10
344:	7	9	1	0	-1
--------------------
Cycle 24:	268	sll x6, x1, #2
Registers
x00:	0	2	3	-2	2	-4	8	296
x08:	308	0	0	0	0	0	0	0
x16:	0	0	0	0	0	0	0	0
x24:	0	0	0	0	0	0	0	0
Data
312:	-1	-2	-4	1	2	3	-4	10
344:	7	9	1	0	-1
--------------------
Cycle 25:	272	lw x3, 312(x6)
Registers
x00:	0	2	3	-4	2	-4	8	296
x08:	308	0	0	0	0	0	0	0
x16:	0	0	0	0	0	0	0	0
x24:	0	0	0	0	0	0	0	0
Data
312:	-1	-2	-4	1	2	3	-4	10
344:	7	9	1	0	-1
--------------------
Cycle 26:	276	lw x4, 324(x6)
Registers
x00:	0	2	3	-4	3	-4	8	296
x08:	308	0	0	0	0	0	0	0
x16:	0	0	0	0	0	0	0	0
x24:	0	0	0	0	0	0	0	0
Data
312:	-1	-2	-4	1	2	3	-4	10
344:	7	9	1	0	-1
--------------------
Cycle 27:	280	add x5, x3, x4
Registers
x00:	0	2	3	-4	3	-1	8	296
x08:	308	0	0	0	0	0	0	0
x16:	0	0	0	0	0	0	0	0
x24:	0	0	0	0	0	0	0	0
Data
312:	-1	-2	-4	1	2	3	-4	10
344:	7	9	1	0	-1
--------------------
Cycle 28:	284	blt x5, x0, #6
Registers
x00:	0	2	3	-4	3	-1	8	296
x08:	308	0	0	0	0	0	0	0
x16:	0	0	0	0	0	0	0	0
x24:	0	0	0	0	0	0	0	0
Data
312:	-1	-2	-4	1	2	3	-4	10
344:	7	9	1	0	-1
--------------------
Cycle 29:	296	sw x5, 324(x6)
Registers
x00:	0	2	3	-4	3	-1	8	296
x08:	308	0	0	0	0	0	0	0
x16:	0	0	0	0	0	0	0	0
x24:	0	0	0	0	0	0	0	0
Data
312:	-1	-2	-4	1	2	-1	-4	10
344:	7	9	1	0	-1
--------------------
Cycle 30:	300	addi x1, x1, #1
Registers
x00:	0	3	3	-4	3	-1	8	296
x08:	308	0	0	0	0	0	0	0
x16:	0	0	0	0	0	0	0	0
x24:	0	0	0	0	0	0	0	0
Data
312:	-1	-2	-4	1	2	-1	-4	10
344:	7	9	1	0	-1
--------------------
Cycle 31:	304	jal x8, #-20
Registers
x00:	0	3	3	-4	3	-1	8	296
x08:	308	0	0	0	0	0	0	0
x16:	0	0	0	0	0	0	0	0
x24:	0	0	0	0	0	0	0	0
Data
312:	-1	-2	-4	1	2	-1	-4	10
344:	7	9	1	0	-1
--------------------
Cycle 32:	264	beq x1, x2, #22
Registers
x00:	0	3	3	-4	3	-1	8	296
x08:	308	0	0	0	0	0	0	0
x16:	0	0	0	0	0	0	0	0
x24:	0	0	0	0	0	0	0	0
Data
312:	-1	-2	-4	1	2	-1	-4	10
344:	7	9	1	0	-1
--------------------
Cycle 33:	308	break
Registers
x00:	0	3	3	-4	3	-1	8	296
x08:	308	0	0	0	0	0	0	0
x16:	0	0	0	0	0	0	0	0
x24:	0	0	0	0	0	0	0	0
Data
312:	-1	-2	-4	1	2	-1	-4	10
344:	7	9	1	0	-1